A = [ 1 0 0;
      ;
      -1 1 -5 3;
      3 1 7 -2 ];